1
1
2
4
5
6
8
9
10
10
10
11
11
12
13
13
14
15
15
16
19
19
19
19
22
22
24
26
26
30
31
33
34
35
38
38
39
39
40
40
40
41
42
43
46
46
47
48
48
49
51
52
53
54
54
54
54
54
55
56
56
57
59
59
60
60
61
61
63
64
64
65
66
67
67
68
69
74
74
74
77
80
80
80
81
83
84
85
86
87
87
88
88
89
90
91
92
93
93
93
94
94
97
98
98
98
98
99
99
100
101
104
104
106
107
108
110
111
111
112
112
112
114
116
120
121
121
121
121
121
123
123
123
124
127
127
129
130
131
131
131
133
133
134
134
134
135
137
137
137
139
140
140
142
143
151
152
153
154
155
155
155
155
164
164
165
165
166
166
167
167
167
168
171
175
176
177
177
177
177
178
178
180
181
182
182
183
183
184
185
187
189
189
191
191
192
193
195
195
196
196
198
198
199
199
202
202
205
206
210
213
213
214
214
215
215
215
215
216
217
222
223
224
227
232
234
234
234
234
234
235
235
236
237
237
238
241
241
244
247
248
249
251
251
252
254
255
255
256
257
259
261
262
263
264
264
266
267
269
269
269
270
271
272
273
273
274
278
279
280
281
281
282
283
283
283
284
284
285
285
287
287
289
289
290
290
290
290
291
291
293
294
294
295
295
296
296
298
300
301
302
304
308
308
309
312
314
315
317
318
319
319
321
325
327
329
329
330
331
338
343
344
344
345
345
345
346
346
349
350
351
352
352
353
354
354
355
357
357
359
360
361
363
365
367
368
371
371
373
373
374
374
374
374
376
377
377
378
379
381
382
382
383
384
384
385
385
387
390
390
392
392
392
393
394
394
395
396
397
399
399
400
400
400
400
401
405
405
406
407
407
409
412
413
414
414
416
416
416
417
417
418
418
418
419
420
421
421
421
422
422
422
422
423
423
423
425
426
427
429
429
431
431
432
433
434
437
439
441
443
444
445
446
447
448
449
452
455
455
457
458
458
458
459
459
459
460
460
461
462
463
464
465
466
467
467
467
469
469
469
470
471
472
473
474
476
476
477
478
479
479
480
481
483
485
486
489
490
491
491
491
492
492
492
492
493
497
501
502
502
504
506
506
507
509
510
510
511
511
512
514
515
516
518
518
520
521
522
523
524
525
527
527
528
528
528
529
535
535
535
535
535
538
539
541
541
541
542
543
545
545
548
548
549
550
552
552
552
554
554
555
556
557
558
558
560
562
562
563
563
564
565
565
566
567
567
568
569
569
569
571
571
572
572
573
574
574
574
574
575
578
580
581
584
584
585
586
586
589
590
592
593
594
597
598
601
603
604
605
606
607
607
611
611
612
613
616
617
618
620
620
621
621
621
621
622
622
624
625
625
626
628
628
630
630
631
631
632
633
634
634
635
637
638
639
639
640
642
642
644
647
648
649
649
650
652
653
653
654
654
655
656
657
657
659
659
659
660
660
662
664
665
666
666
670
670
671
672
676
676
677
679
681
683
684
685
687
687
689
690
690
692
692
694
694
695
695
698
700
702
702
703
703
705
706
707
708
713
717
717
718
719
719
720
721
722
723
725
729
734
734
735
736
736
739
740
740
741
742
742
743
744
745
747
748
748
750
750
751
753
754
755
756
756
757
759
760
761
761
762
763
763
765
765
767
772
773
774
774
774
776
776
777
777
778
779
779
780
780
782
785
786
789
790
791
791
794
794
795
796
796
799
800
801
802
803
805
808
809
810
811
811
812
813
813
813
813
814
814
814
815
817
819
822
822
822
823
825
827
827
831
832
834
835
839
840
842
842
842
843
843
844
844
844
846
848
848
851
852
852
852
853
855
856
856
857
858
859
860
860
864
865
866
866
866
868
869
870
870
870
872
873
873
873
875
877
878
878
879
879
880
880
881
881
883
884
884
884
885
886
886
886
889
889
891
894
895
895
898
898
899
901
902
903
903
905
905
905
906
907
907
908
909
909
910
912
913
914
915
915
916
917
917
918
918
919
922
922
925
925
925
926
926
927
932
933
934
934
934
936
936
936
936
936
937
937
938
938
939
939
940
940
941
943
945
948
949
951
952
953
953
954
955
956
956
956
959
962
963
965
968
969
970
970
974
975
976
977
977
978
981
981
983
984
984
985
987
991
991
993
994
994
995
998
998
999
999
1003
1003
1003
1005
1007
1007
1007
1008
1009
1010
1012
1012
1014
1015
1015
1016
1017
1018
1019
1019
1019
1020
1022
1022
1022
1023
1023
1023
1024
1025
1026
1027
1028
1028
1029
1029
1030
1030
1032
1032
1033
1033
1034
1039
1039
1039
1041
1041
1042
1042
1043
1045
1046
1047
1049
1049
1051
1053
1055
1059
1060
1060
1062
1063
1064
1064
1065
1067
1067
1069
1069
1070
1071
1071
1071
1073
1074
1075
1076
1076
1076
1078
1080
1082
1082
1083
1083
1084
1085
1087
1088
1089
1091
1093
1093
1093
1094
1094
1094
1095
1095
1096
1099
1100
1100
1100
1101
1102
1102
1103
1103
1103
1104
1104
1107
1108
1110
1113
1115
1116
1118
1120
1122
1122
1123
1123
1126
1126
1127
1129
1130
1131
1132
1132
1132
1134
1135
1136
1137
1137
1138
1138
1139
1140
1140
1143
1144
1146
1151
1151
1153
1153
1160
1162
1163
1166
1166
1166
1167
1168
1169
1170
1171
1171
1175
1176
1177
1177
1180
1180
1181
1182
1184
1186
1186
1189
1189
1190
1190
1190
1191
1192
1192
1192
1193
1194
1194
1195
1195
1197
1197
1198
1199
1199
1203
1204
1205
1206
1206
1207
1209
1209
1210
1211
1211
1212
1213
1213
1213
1214
1218
1219
1220
1220
1221
1222
1223
1224
1224
1225
1225
1226
1231
1232
1232
1234
1239
1240
1241
1242
1244
1244
1245
1245
1246
1247
1247
1248
1249
1249
1250
1251
1252
1253
1254
1254
1254
1254
1254
1261
1261
1261
1261
1261
1261
1262
1262
1262
1265
1266
1266
1267
1268
1269
1270
1270
1271
1271
1272
1272
1272
1274
1275
1276
1276
1277
1278
1280
1281
1288
1288
1289
1289
1290
1291
1291
1291
1292
1293
1293
1297
1300
1303
1303
1303
1304
1304
1305
1307
1308
1310
1311
1311
1312
1314
1314
1319
1319
1320
1322
1324
1326
1326
1327
1328
1329
1330
1331
1331
1332
1332
1333
1334
1335
1336
1336
1339
1340
1341
1344
1344
1345
1348
1349
1349
1351
1351
1354
1356
1357
1363
1365
1365
1366
1367
1370
1370
1372
1372
1372
1372
1373
1374
1374
1374
1375
1376
1376
1377
1378
1378
1379
1380
1381
1381
1382
1383
1383
1384
1384
1385
1385
1386
1387
1388
1389
1389
1389
1390
1392
1392
1392
1393
1393
1394
1394
1396
1396
1397
1397
1399
1400
1400
1401
1402
1402
1402
1402
1402
1404
1405
1409
1410
1411
1413
1417
1418
1418
1418
1419
1419
1419
1420
1420
1421
1421
1422
1422
1422
1423
1423
1424
1425
1427
1428
1429
1431
1432
1433
1433
1433
1435
1437
1439
1440
1441
1443
1443
1444
1444
1445
1447
1447
1447
1451
1451
1455
1457
1458
1458
1460
1463
1463
1464
1464
1465
1468
1469
1469
1471
1474
1476
1477
1477
1480
1481
1482
1484
1484
1484
1485
1485
1485
1486
1487
1488
1491
1491
1492
1492
1492
1492
1494
1495
1495
1495
1496
1497
1498
1499
1500
1501
1501
1504
1504
1505
1507
1507
1510
1510
1513
1513
1514
1514
1514
1516
1518
1518
1520
1521
1522
1522
1523
1525
1526
1527
1527
1528
1528
1528
1529
1530
1531
1532
1532
1533
1533
1536
1537
1538
1538
1539
1539
1539
1539
1540
1540
1541
1545
1547
1547
1548
1549
1549
1551
1552
1555
1556
1558
1558
1559
1563
1567
1567
1567
1568
1572
1572
1573
1573
1574
1575
1576
1577
1579
1579
1580
1580
1581
1582
1583
1584
1584
1585
1587
1587
1587
1588
1588
1588
1588
1588
1589
1589
1592
1593
1593
1596
1598
1598
1600
1601
1603
1603
1605
1605
1605
1605
1605
1607
1609
1609
1610
1610
1611
1612
1612
1613
1614
1614
1615
1618
1619
1620
1621
1621
1622
1623
1624
1625
1625
1625
1626
1627
1628
1629
1630
1630
1631
1631
1632
1634
1636
1636
1636
1639
1640
1640
1645
1645
1646
1648
1649
1650
1653
1655
1655
1655
1657
1658
1658
1659
1660
1662
1663
1664
1664
1665
1665
1666
1667
1667
1668
1668
1669
1672
1673
1674
1674
1676
1677
1678
1678
1679
1680
1681
1682
1684
1684
1686
1686
1688
1690
1690
1692
1692
1693
1693
1695
1695
1696
1696
1696
1696
1698
1698
1698
1698
1699
1699
1701
1702
1702
1703
1704
1707
1707
1708
1709
1710
1710
1713
1714
1715
1715
1717
1717
1719
1720
1721
1722
1722
1723
1726
1727
1727
1728
1729
1729
1730
1731
1732
1733
1734
1734
1736
1736
1738
1738
1739
1739
1740
1741
1742
1742
1744
1746
1747
1749
1749
1749
1749
1750
1750
1750
1752
1752
1753
1755
1758
1762
1763
1765
1766
1766
1767
1767
1768
1768
1770
1770
1771
1771
1772
1772
1772
1773
1775
1776
1778
1778
1778
1780
1786
1786
1787
1787
1787
1787
1788
1789
1790
1791
1792
1794
1794
1794
1794
1795
1797
1798
1798
1798
1799
1799
1801
1802
1802
1803
1803
1804
1804
1804
1807
1809
1810
1811
1811
1812
1812
1813
1814
1814
1815
1818
1818
1819
1819
1820
1820
1821
1821
1822
1822
1822
1823
1824
1825
1826
1827
1829
1829
1830
1830
1831
1832
1832
1833
1833
1834
1836
1837
1838
1839
1839
1839
1840
1840
1844
1844
1844
1844
1847
1847
1848
1848
1850
1850
1850
1850
1852
1853
1853
1854
1854
1855
1855
1856
1857
1858
1858
1860
1861
1862
1863
1863
1863
1867
1867
1868
1869
1870
1871
1871
1872
1873
1877
1880
1880
1881
1881
1881
1882
1884
1884
1884
1886
1886
1889
1889
1889
1889
1891
1891
1891
1891
1893
1898
1899
1900
1901
1901
1901
1904
1904
1906
1906
1906
1907
1907
1907
1909
1910
1911
1912
1914
1915
1916
1916
1919
1920
1922
1922
1923
1923
1924
1926
1926
1927
1927
1929
1929
1932
1932
1933
1934
1935
1936
1937
1938
1938
1938
1940
1940
1941
1943
1945
1945
1945
1946
1947
1947
1947
1948
1951
1951
1953
1955
1955
1957
1959
1960
1964
1965
1967
1969
1971
1971
1971
1972
1973
1974
1976
1977
1978
1978
1982
1982
1985
1985
1986
1988
1989
1990
1991
1991
1991
1992
1993
1993
1995
1997
1998
1998
1998
1999
2001
2001
2001
2002
2002
2003
2004
2005
2008
2008
2011
2013
2015
2016
2019
2019
2021
2023
2023
2025
2028
2028
2028
2028
2029
2029
2030
2032
2033
2034
2035
2036
2039
2040
2042
2043
2046
2046
2047
2048
2050
2050
2050
2051
2052
2053
2054
2055
2056
2058
2058
2059
2059
2060
2060
2063
2064
2065
2066
2068
2070
2071
2071
2072
2073
2073
2074
2074
2075
2075
2076
2077
2077
2078
2079
2080
2082
2083
2084
2085
2089
2090
2091
2093
2096
2098
2099
2100
2102
2102
2103
2104
2105
2106
2107
2108
2110
2111
2112
2112
2113
2114
2117
2117
2118
2119
2119
2121
2122
2122
2124
2125
2125
2130
2130
2132
2132
2132
2133
2134
2134
2134
2136
2137
2139
2141
2141
2142
2143
2144
2144
2144
2144
2145
2145
2146
2146
2146
2148
2148
2148
2150
2150
2150
2150
2150
2151
2151
2151
2154
2155
2155
2158
2158
2159
2162
2162
2166
2166
2166
2166
2167
2167
2167
2168
2169
2170
2170
2172
2172
2172
2172
2172
2174
2176
2177
2179
2180
2180
2181
2181
2183
2183
2184
2185
2186
2186
2187
2188
2189
2190
2190
2190
2191
2191
2191
2192
2197
2198
2199
2201
2202
2202
2202
2205
2209
2209
2213
2214
2215
2215
2215
2216
2217
2217
2219
2219
2219
2220
2221
2221
2221
2221
2222
2223
2226
2226
2227
2231
2232
2233
2233
2233
2233
2236
2236
2237
2238
2239
2240
2240
2241
2241
2241
2242
2243
2245
2246
2246
2249
2250
2250
2252
2252
2252
2252
2253
2255
2256
2260
2262
2262
2262
2264
2265
2265
2267
2270
2271
2272
2273
2274
2275
2275
2276
2277
2277
2279
2280
2281
2281
2282
2283
2283
2283
2284
2284
2285
2287
2287
2288
2290
2290
2291
2293
2293
2296
2296
2296
2297
2297
2298
2300
2302
2303
2305
2305
2306
2306
2307
2309
2309
2311
2313
2313
2313
2315
2316
2316
2317
2317
2317
2318
2318
2319
2320
2320
2320
2321
2321
2324
2325
2325
2327
2328
2328
2328
2329
2330
2330
2331
2333
2333
2334
2335
2337
2337
2338
2340
2340
2340
2341
2342
2342
2343
2345
2345
2347
2347
2350
2353
2353
2356
2356
2358
2358
2358
2360
2361
2361
2362
2364
2365
2367
2368
2368
2369
2369
2370
2370
2371
2371
2371
2372
2373
2374
2375
2377
2378
2379
2380
2381
2382
2382
2382
2387
2388
2389
2389
2390
2390
2390
2391
2392
2393
2394
2395
2395
2396
2397
2397
2399
2399
2400
2401
2401
2402
2402
2402
2403
2406
2406
2406
2407
2407
2408
2410
2410
2411
2414
2414
2415
2416
2416
2416
2418
2420
2420
2422
2422
2422
2423
2426
2426
2426
2428
2428
2428
2429
2430
2432
2432
2433
2433
2438
2440
2441
2442
2443
2444
2445
2446
2447
2447
2447
2452
2453
2454
2459
2460
2461
2461
2462
2465
2465
2466
2468
2468
2473
2474
2475
2475
2476
2476
2476
2476
2476
2477
2477
2478
2479
2479
2479
2480
2481
2482
2483
2484
2486
2488
2488
2490
2491
2492
2493
2493
2495
2495
2496
2497
2498
2499
2499
2500
2501
2501
2501
2502
2503
2503
2503
2504
2505
2505
2506
2507
2507
2508
2509
2510
2510
2511
2513
2513
2514
2514
2514
2515
2515
2516
2518
2518
2518
2521
2521
2521
2523
2524
2524
2525
2525
2526
2527
2528
2529
2529
2529
2530
2531
2532
2533
2533
2535
2536
2537
2537
2537
2538
2539
2540
2542
2542
2543
2543
2543
2543
2544
2544
2545
2546
2547
2547
2550
2551
2552
2552
2552
2553
2553
2556
2558
2560
2560
2562
2563
2563
2563
2564
2564
2565
2568
2569
2571
2571
2573
2574
2575
2576
2578
2580
2581
2584
2585
2586
2587
2588
2590
2591
2591
2592
2592
2593
2594
2594
2595
2597
2599
2599
2600
2601
2602
2602
2603
2604
2606
2608
2613
2616
2616
2617
2618
2621
2622
2622
2624
2625
2625
2627
2632
2634
2636
2637
2638
2639
2640
2641
2643
2643
2645
2648
2648
2649
2649
2650
2650
2650
2651
2653
2654
2655
2657
2658
2659
2659
2660
2661
2662
2664
2664
2664
2666
2669
2674
2675
2676
2676
2679
2680
2680
2681
2681
2682
2683
2683
2684
2686
2687
2688
2689
2692
2694
2696
2696
2697
2698
2698
2699
2700
2700
2700
2703
2703
2703
2704
2704
2704
2706
2707
2708
2708
2710
2710
2710
2714
2715
2715
2715
2715
2715
2716
2717
2718
2720
2721
2722
2723
2724
2725
2725
2727
2728
2728
2728
2728
2730
2730
2731
2732
2733
2733
2733
2733
2735
2735
2735
2735
2737
2737
2738
2739
2741
2743
2744
2745
2746
2747
2748
2748
2748
2749
2749
2751
2754
2756
2757
2759
2761
2762
2763
2764
2764
2765
2766
2766
2768
2769
2769
2770
2772
2774
2775
2775
2775
2776
2776
2778
2781
2785
2787
2789
2795
2796
2798
2798
2798
2798
2800
2801
2802
2803
2803
2804
2805
2808
2808
2809
2810
2810
2813
2813
2814
2814
2819
2821
2822
2823
2823
2825
2825
2826
2826
2826
2827
2827
2828
2828
2828
2831
2833
2833
2833
2833
2837
2839
2839
2840
2840
2840
2841
2842
2842
2843
2844
2846
2849
2850
2854
2854
2854
2855
2858
2859
2860
2861
2861
2861
2863
2863
2865
2867
2868
2869
2870
2870
2870
2872
2872
2874
2877
2879
2882
2886
2889
2891
2891
2892
2892
2893
2894
2895
2895
2897
2898
2900
2902
2903
2903
2903
2903
2904
2905
2905
2905
2906
2906
2907
2908
2908
2908
2908
2908
2908
2909
2911
2911
2913
2913
2914
2915
2915
2916
2917
2919
2919
2920
2920
2921
2921
2921
2923
2924
2924
2924
2925
2926
2928
2930
2931
2931
2932
2932
2935
2939
2940
2942
2942
2943
2945
2945
2946
2947
2948
2948
2948
2948
2949
2949
2950
2951
2951
2957
2957
2958
2958
2959
2962
2963
2963
2964
2967
2968
2968
2968
2969
2969
2969
2972
2972
2975
2977
2978
2980
2980
2982
2983
2983
2984
2984
2986
2986
2987
2989
2990
2990
2991
2991
2992
2992
2993
2994
2995
2995
2996
2996
2997
2997
2997
3003
3004
3004
3006
3007
3009
3010
3012
3013
3015
3015
3016
3018
3019
3022
3023
3025
3025
3025
3026
3027
3028
3029
3030
3030
3032
3032
3034
3034
3034
3035
3035
3036
3036
3037
3037
3038
3039
3040
3040
3040
3042
3042
3046
3049
3054
3055
3055
3056
3056
3056
3056
3058
3058
3061
3063
3063
3064
3065
3067
3068
3068
3070
3070
3074
3075
3076
3076
3078
3078
3078
3078
3079
3080
3080
3080
3081
3082
3082
3082
3082
3082
3082
3084
3084
3085
3090
3090
3090
3091
3091
3091
3092
3093
3093
3093
3093
3095
3095
3098
3098
3100
3100
3100
3101
3101
3101
3104
3105
3106
3111
3112
3114
3114
3115
3116
3121
3125
3125
3126
3126
3127
3128
3129
3130
3131
3132
3133
3136
3136
3138
3139
3139
3140
3141
3142
3142
3142
3143
3143
3143
3144
3145
3147
3147
3148
3149
3149
3152
3153
3155
3156
3157
3157
3159
3160
3161
3161
3163
3163
3164
3165
3167
3168
3169
3171
3172
3174
3175
3175
3175
3176
3176
3176
3177
3180
3180
3182
3183
3183
3184
3185
3185
3186
3187
3188
3188
3189
3189
3190
3192
3193
3193
3194
3197
3198
3200
3201
3201
3202
3202
3202
3203
3204
3207
3207
3207
3207
3208
3210
3211
3211
3212
3213
3213
3213
3213
3215
3216
3216
3216
3217
3220
3222
3223
3225
3225
3225
3225
3225
3226
3227
3229
3230
3230
3231
3233
3235
3235
3235
3235
3236
3236
3240
3241
3241
3241
3242
3242
3243
3244
3244
3244
3246
3248
3253
3254
3254
3255
3256
3257
3258
3258
3258
3261
3263
3264
3265
3266
3267
3269
3271
3272
3272
3278
3279
3279
3279
3279
3282
3282
3284
3285
3286
3286
3286
3287
3287
3289
3290
3290
3292
3292
3293
3297
3303
3303
3304
3304
3305
3305
3307
3307
3308
3309
3310
3311
3311
3312
3314
3316
3319
3319
3319
3320
3324
3324
3325
3327
3327
3327
3328
3328
3328
3331
3331
3332
3332
3333
3334
3334
3336
3337
3340
3342
3342
3343
3344
3344
3345
3346
3348
3348
3349
3350
3350
3350
3350
3351
3351
3352
3352
3352
3354
3354
3354
3355
3358
3359
3359
3361
3362
3362
3362
3364
3365
3366
3368
3372
3373
3378
3378
3378
3379
3380
3380
3381
3383
3384
3384
3385
3386
3387
3387
3388
3388
3388
3388
3390
3391
3391
3392
3392
3393
3393
3394
3394
3395
3395
3396
3396
3399
3399
3402
3403
3404
3406
3406
3408
3409
3409
3410
3410
3412
3412
3412
3415
3415
3416
3421
3421
3423
3423
3424
3425
3425
3426
3427
3428
3429
3429
3430
3430
3431
3431
3431
3432
3432
3434
3434
3435
3437
3438
3438
3438
3440
3441
3442
3442
3444
3444
3444
3444
3446
3449
3453
3454
3454
3454
3455
3455
3456
3457
3460
3461
3463
3463
3463
3464
3465
3465
3467
3467
3468
3469
3469
3472
3473
3474
3474
3475
3477
3478
3478
3480
3481
3481
3482
3482
3482
3483
3483
3484
3485
3486
3487
3489
3490
3490
3492
3492
3496
3497
3498
3498
3501
3501
3501
3503
3504
3505
3506
3506
3508
3508
3508
3509
3509
3511
3512
3514
3514
3516
3517
3520
3520
3521
3521
3522
3523
3524
3527
3528
3531
3531
3531
3531
3532
3532
3533
3533
3537
3538
3539
3539
3541
3542
3542
3542
3543
3543
3544
3545
3548
3548
3550
3551
3551
3552
3552
3553
3553
3556
3558
3559
3559
3559
3559
3560
3562
3562
3562
3564
3568
3571
3571
3572
3573
3573
3575
3576
3577
3578
3579
3580
3583
3583
3584
3587
3590
3592
3595
3595
3597
3597
3599
3601
3602
3603
3604
3604
3608
3608
3610
3610
3610
3611
3612
3613
3614
3615
3617
3617
3620
3622
3624
3624
3625
3625
3629
3629
3632
3632
3633
3633
3634
3635
3636
3637
3637
3638
3638
3638
3639
3640
3641
3642
3643
3643
3643
3646
3646
3646
3647
3647
3647
3648
3648
3648
3648
3648
3649
3649
3651
3651
3651
3652
3654
3654
3655
3655
3656
3656
3657
3658
3659
3659
3659
3659
3659
3660
3660
3662
3663
3664
3664
3665
3665
3665
3666
3666
3668
3669
3669
3669
3671
3671
3672
3673
3674
3674
3674
3675
3675
3676
3677
3678
3678
3678
3678
3679
3683
3684
3684
3686
3687
3688
3690
3690
3690
3690
3691
3692
3694
3695
3695
3696
3696
3696
3698
3699
3702
3704
3704
3704
3706
3707
3709
3709
3710
3711
3711
3711
3712
3713
3713
3713
3714
3714
3714
3720
3721
3721
3722
3723
3724
3725
3726
3727
3728
3729
3729
3729
3729
3731
3732
3733
3736
3737
3739
3742
3743
3745
3745
3746
3748
3748
3749
3749
3751
3751
3752
3753
3753
3753
3753
3754
3755
3757
3758
3759
3759
3759
3759
3761
3762
3763
3765
3765
3767
3769
3770
3772
3774
3776
3777
3777
3778
3779
3782
3782
3783
3783
3784
3784
3784
3784
3785
3788
3790
3791
3792
3793
3793
3794
3795
3798
3800
3801
3801
3802
3803
3803
3803
3805
3806
3807
3808
3810
3810
3811
3812
3812
3812
3813
3813
3813
3814
3814
3817
3818
3818
3819
3819
3819
3821
3822
3822
3827
3829
3829
3829
3830
3830
3830
3831
3831
3833
3834
3835
3836
3837
3838
3838
3839
3839
3839
3839
3839
3840
3840
3841
3841
3842
3842
3843
3844
3844
3844
3844
3844
3847
3848
3848
3848
3849
3849
3851
3852
3852
3853
3853
3854
3855
3860
3861
3866
3867
3868
3869
3870
3875
3875
3875
3876
3877
3878
3878
3879
3879
3879
3880
3882
3883
3884
3884
3884
3885
3886
3887
3891
3891
3892
3893
3894
3894
3895
3896
3898
3899
3901
3902
3903
3904
3904
3905
3905
3906
3906
3908
3908
3909
3909
3909
3909
3911
3912
3914
3916
3917
3917
3917
3917
3918
3919
3919
3919
3924
3926
3926
3927
3927
3927
3929
3929
3931
3932
3933
3934
3936
3937
3937
3938
3939
3941
3942
3944
3946
3946
3947
3948
3948
3948
3949
3949
3950
3951
3953
3954
3955
3955
3957
3959
3959
3962
3963
3965
3965
3968
3968
3969
3969
3970
3972
3974
3975
3975
3978
3979
3980
3980
3981
3982
3985
3987
3988
3988
3990
3991
3991
3992
3992
3993
3994
3995
3995
3997
4000
4002
4003
4004
4005
4005
4005
4005
4008
4010
4012
4013
4014
4014
4015
4016
4017
4018
4018
4019
4019
4020
4022
4022
4023
4026
4026
4031
4032
4032
4032
4034
4034
4034
4034
4035
4039
4041
4042
4045
4048
4049
4049
4051
4051
4052
4054
4056
4056
4057
4059
4060
4060
4060
4061
4061
4061
4061
4064
4064
4064
4065
4065
4065
4066
4066
4067
4068
4069
4069
4070
4073
4074
4074
4074
4074
4075
4077
4077
4078
4078
4078
4078
4080
4081
4082
4083
4084
4084
4086
4086
4087
4087
4088
4088
4089
4090
4091
4092
4092
4092
4094
4095
4095
4095
4100
4103
4103
4105
4107
4107
4108
4110
4111
4111
4112
4113
4113
4114
4114
4115
4115
4116
4117
4119
4119
4119
4119
4120
4121
4123
4124
4125
4126
4128
4128
4128
4129
4130
4132
4132
4133
4133
4134
4134
4136
4136
4138
4138
4139
4140
4140
4142
4142
4143
4145
4148
4148
4148
4148
4148
4150
4152
4152
4153
4155
4155
4156
4158
4158
4158
4162
4163
4163
4163
4164
4164
4165
4166
4166
4167
4168
4170
4172
4174
4174
4175
4175
4176
4176
4180
4181
4183
4183
4183
4184
4184
4187
4187
4189
4190
4193
4196
4196
4196
4197
4198
4198
4199
4201
4201
4201
4203
4203
4204
4205
4205
4205
4207
4207
4207
4208
4208
4209
4210
4210
4211
4211
4212
4213
4213
4214
4214
4215
4215
4215
4218
4220
4221
4222
4222
4222
4223
4224
4225
4226
4227
4227
4228
4229
4230
4231
4232
4232
4234
4234
4234
4236
4239
4239
4239
4239
4240
4240
4240
4241
4241
4242
4242
4246
4246
4246
4246
4247
4247
4247
4248
4250
4250
4251
4252
4255
4257
4259
4260
4263
4264
4266
4267
4268
4268
4271
4272
4272
4273
4274
4274
4275
4277
4277
4279
4280
4280
4280
4281
4283
4284
4285
4286
4287
4287
4292
4292
4294
4295
4298
4299
4300
4300
4301
4301
4303
4304
4305
4306
4307
4310
4311
4312
4312
4314
4314
4315
4315
4316
4317
4319
4319
4320
4320
4321
4322
4322
4323
4324
4324
4324
4326
4327
4329
4331
4332
4334
4334
4334
4336
4336
4338
4338
4339
4339
4340
4340
4341
4343
4343
4343
4343
4345
4346
4347
4347
4347
4348
4349
4351
4353
4355
4356
4356
4357
4358
4358
4359
4359
4359
4360
4360
4360
4361
4362
4362
4362
4362
4363
4364
4365
4365
4369
4369
4369
4371
4372
4374
4377
4378
4379
4380
4381
4382
4382
4383
4384
4385
4386
4386
4387
4387
4388
4390
4391
4393
4394
4394
4396
4396
4397
4397
4398
4400
4402
4402
4402
4403
4406
4407
4408
4409
4409
4412
4413
4415
4416
4417
4417
4422
4422
4422
4423
4423
4424
4426
4426
4427
4428
4429
4430
4431
4433
4433
4434
4436
4436
4438
4438
4439
4439
4440
4441
4442
4443
4443
4447
4449
4450
4450
4450
4450
4451
4454
4454
4455
4456
4457
4457
4459
4459
4460
4460
4461
4461
4463
4464
4464
4465
4465
4467
4467
4469
4471
4471
4472
4472
4473
4474
4475
4475
4476
4476
4476
4477
4478
4479
4480
4480
4481
4485
4485
4485
4489
4490
4491
4492
4492
4493
4496
4497
4497
4498
4502
4502
4504
4506
4506
4507
4509
4510
4511
4512
4513
4514
4516
4516
4517
4517
4518
4520
4520
4522
4522
4523
4524
4524
4525
4525
4525
4527
4528
4529
4530
4531
4532
4534
4538
4538
4539
4540
4540
4543
4546
4547
4547
4547
4548
4549
4550
4551
4551
4551
4552
4553
4554
4554
4558
4559
4564
4565
4565
4565
4566
4567
4568
4568
4569
4570
4571
4577
4578
4581
4584
4585
4585
4585
4588
4589
4589
4591
4592
4593
4596
4597
4598
4599
4599
4600
4604
4605
4607
4607
4608
4609
4611
4611
4612
4612
4614
4616
4617
4617
4621
4621
4622
4622
4625
4625
4626
4626
4626
4628
4630
4630
4630
4630
4634
4636
4637
4637
4637
4638
4638
4641
4643
4643
4647
4648
4650
4652
4654
4654
4657
4657
4658
4658
4658
4658
4658
4658
4658
4659
4661
4662
4663
4664
4665
4667
4670
4672
4676
4677
4680
4681
4682
4682
4683
4683
4684
4686
4686
4686
4687
4688
4690
4695
4695
4696
4698
4700
4701
4702
4703
4703
4705
4708
4709
4709
4710
4710
4715
4715
4717
4717
4718
4719
4720
4723
4724
4725
4727
4729
4729
4729
4730
4730
4730
4732
4735
4735
4736
4736
4737
4737
4738
4740
4740
4745
4746
4746
4746
4748
4748
4752
4752
4752
4753
4753
4754
4754
4755
4756
4756
4756
4757
4759
4759
4759
4760
4760
4760
4761
4761
4761
4761
4763
4765
4765
4767
4768
4769
4769
4771
4771
4772
4772
4773
4778
4779
4779
4780
4781
4781
4782
4783
4783
4784
4785
4787
4790
4792
4795
4795
4795
4796
4797
4797
4799
4800
4801
4802
4804
4804
4807
4808
4810
4812
4813
4813
4813
4815
4816
4816
4816
4821
4822
4823
4824
4827
4827
4828
4829
4831
4831
4833
4835
4835
4836
4837
4837
4839
4842
4842
4842
4844
4846
4847
4849
4850
4852
4853
4856
4856
4857
4861
4861
4867
4869
4870
4870
4871
4872
4873
4873
4873
4874
4875
4876
4878
4878
4880
4881
4882
4883
4884
4886
4887
4889
4890
4890
4892
4892
4892
4892
4893
4893
4894
4894
4894
4897
4897
4897
4899
4899
4900
4901
4901
4903
4904
4905
4910
4911
4912
4913
4914
4914
4915
4916
4917
4917
4918
4920
4921
4922
4922
4924
4924
4926
4926
4926
4927
4927
4928
4930
4930
4931
4931
4931
4931
4932
4933
4934
4935
4935
4939
4940
4941
4942
4944
4944
4944
4946
4948
4950
4952
4952
4952
4953
4954
4957
4957
4957
4959
4962
4963
4963
4964
4965
4966
4967
4969
4969
4971
4971
4974
4976
4977
4977
4979
4982
4983
4983
4984
4984
4985
4986
4988
4988
4989
4989
4989
4989
4990
4990
4992
4994
4996
4996
4998
4998
4998
4998
4999
5000
5000
5002
5003
5004
5005
5005
5005
5005
5008
5008
5009
5014
5016
5016
5016
5017
5018
5019
5020
5022
5023
5023
5023
5024
5025
5027
5028
5029
5030
5030
5031
5031
5033
5034
5035
5036
5036
5038
5039
5042
5043
5045
5045
5046
5048
5050
5056
5056
5056
5057
5060
5063
5063
5063
5064
5065
5066
5066
5069
5069
5069
5071
5071
5073
5074
5075
5076
5076
5077
5077
5079
5079
5081
5081
5082
5082
5083
5085
5086
5087
5088
5089
5090
5091
5091
5092
5092
5093
5095
5095
5096
5097
5099
5099
5104
5105
5105
5107
5109
5111
5112
5113
5113
5115
5115
5116
5116
5117
5118
5118
5119
5119
5119
5120
5120
5121
5121
5122
5122
5126
5128
5128
5128
5129
5129
5130
5130
5132
5133
5134
5135
5136
5137
5139
5139
5140
5140
5141
5143
5143
5148
5149
5151
5151
5153
5153
5156
5157
5160
5160
5162
5163
5164
5165
5166
5167
5169
5169
5170
5173
5173
5174
5177
5178
5178
5178
5179
5182
5182
5183
5183
5184
5184
5185
5185
5186
5188
5190
5190
5192
5192
5194
5195
5195
5196
5197
5203
5203
5203
5204
5205
5206
5206
5207
5210
5210
5211
5212
5214
5215
5216
5217
5217
5218
5221
5221
5223
5223
5225
5225
5226
5228
5228
5230
5230
5235
5235
5237
5238
5239
5240
5240
5241
5242
5242
5245
5245
5246
5246
5246
5247
5248
5248
5251
5253
5253
5256
5256
5257
5258
5259
5262
5263
5264
5267
5267
5269
5270
5271
5275
5275
5276
5278
5280
5281
5282
5282
5283
5285
5287
5290
5291
5294
5296
5300
5301
5301
5302
5302
5303
5304
5305
5307
5308
5308
5309
5310
5311
5312
5314
5315
5316
5316
5317
5318
5319
5320
5320
5320
5321
5322
5322
5323
5324
5324
5325
5326
5327
5335
5337
5339
5339
5339
5341
5341
5342
5345
5346
5347
5348
5349
5349
5350
5351
5352
5353
5353
5354
5358
5358
5359
5360
5368
5368
5369
5370
5372
5372
5372
5372
5373
5373
5373
5375
5375
5379
5381
5381
5383
5384
5385
5387
5388
5388
5391
5392
5393
5393
5395
5397
5398
5399
5400
5400
5401
5402
5403
5405
5407
5408
5409
5410
5411
5412
5413
5413
5414
5414
5417
5417
5417
5418
5418
5420
5422
5424
5424
5424
5425
5426
5427
5428
5428
5428
5431
5431
5431
5431
5432
5432
5433
5433
5435
5435
5435
5436
5436
5437
5437
5438
5438
5439
5441
5443
5445
5445
5446
5447
5448
5450
5452
5453
5454
5454
5455
5455
5455
5456
5456
5456
5457
5460
5460
5461
5461
5462
5462
5464
5464
5464
5468
5468
5471
5471
5472
5472
5472
5474
5474
5475
5475
5476
5477
5477
5478
5478
5480
5480
5482
5483
5483
5483
5484
5484
5485
5489
5490
5491
5492
5493
5494
5495
5495
5496
5496
5496
5496
5501
5502
5503
5504
5505
5506
5507
5508
5509
5509
5510
5512
5512
5514
5514
5514
5515
5515
5516
5522
5522
5522
5524
5524
5526
5527
5528
5528
5529
5534
5535
5535
5535
5536
5536
5537
5539
5540
5543
5543
5544
5544
5545
5545
5547
5547
5547
5547
5547
5549
5550
5550
5550
5550
5551
5553
5553
5553
5556
5557
5557
5558
5560
5560
5564
5564
5565
5566
5566
5566
5568
5568
5568
5569
5572
5573
5573
5573
5573
5574
5574
5575
5575
5576
5576
5577
5577
5577
5578
5579
5580
5580
5580
5580
5582
5582
5582
5583
5587
5588
5589
5590
5590
5591
5592
5593
5594
5596
5597
5598
5600
5600
5600
5603
5604
5604
5605
5607
5607
5608
5608
5609
5610
5611
5614
5616
5617
5617
5617
5621
5621
5621
5622
5622
5623
5625
5627
5627
5630
5632
5633
5633
5634
5635
5635
5636
5636
5637
5640
5641
5641
5642
5643
5643
5643
5643
5643
5645
5647
5647
5647
5648
5648
5650
5650
5650
5652
5652
5653
5654
5655
5656
5659
5662
5662
5662
5664
5666
5667
5669
5670
5671
5671
5672
5673
5673
5674
5677
5677
5678
5678
5679
5680
5681
5682
5686
5686
5687
5689
5692
5692
5695
5695
5696
5696
5696
5696
5697
5698
5702
5702
5703
5704
5704
5704
5704
5705
5706
5707
5708
5711
5711
5712
5712
5712
5712
5714
5715
5715
5715
5717
5718
5721
5723
5723
5724
5726
5727
5727
5729
5729
5730
5730
5731
5731
5732
5732
5733
5733
5734
5734
5737
5739
5739
5741
5742
5742
5742
5743
5744
5744
5745
5749
5750
5751
5752
5754
5756
5757
5758
5758
5758
5759
5759
5760
5763
5766
5767
5768
5769
5770
5772
5773
5773
5775
5776
5777
5778
5780
5781
5781
5782
5783
5785
5786
5786
5787
5788
5791
5791
5792
5793
5793
5794
5794
5795
5795
5796
5797
5798
5799
5800
5800
5802
5806
5806
5807
5807
5810
5814
5815
5817
5817
5818
5818
5819
5819
5820
5823
5823
5825
5825
5826
5829
5829
5829
5830
5830
5832
5832
5832
5833
5833
5833
5834
5835
5835
5839
5840
5840
5842
5847
5847
5848
5851
5852
5853
5855
5855
5856
5856
5856
5857
5858
5858
5859
5859
5860
5861
5861
5863
5864
5868
5868
5869
5869
5870
5871
5875
5877
5878
5878
5879
5879
5881
5883
5884
5884
5885
5886
5889
5890
5892
5893
5893
5895
5895
5896
5896
5897
5898
5899
5900
5901
5901
5902
5902
5903
5903
5904
5905
5905
5906
5908
5909
5911
5913
5913
5914
5914
5914
5914
5915
5916
5916
5916
5916
5921
5922
5925
5925
5925
5925
5930
5930
5930
5931
5932
5934
5935
5938
5942
5943
5943
5943
5944
5945
5947
5950
5950
5952
5952
5953
5955
5955
5955
5955
5959
5959
5963
5964
5965
5965
5967
5968
5968
5969
5970
5971
5971
5971
5973
5973
5974
5975
5976
5978
5980
5980
5982
5982
5982
5982
5983
5984
5989
5991
5992
5992
5994
5995
5999
6002
6002
6003
6003
6006
6007
6007
6007
6009
6010
6012
6013
6013
6013
6015
6016
6016
6017
6018
6023
6023
6024
6025
6027
6029
6030
6030
6032
6032
6033
6035
6036
6037
6037
6038
6039
6040
6046
6047
6050
6052
6053
6054
6054
6055
6057
6057
6058
6058
6059
6060
6061
6062
6063
6064
6064
6066
6070
6072
6073
6074
6076
6077
6077
6077
6079
6079
6080
6080
6080
6081
6082
6082
6083
6083
6084
6087
6088
6091
6092
6092
6098
6098
6099
6100
6101
6101
6101
6102
6104
6105
6106
6106
6107
6108
6112
6113
6113
6113
6114
6114
6114
6116
6118
6119
6120
6122
6123
6126
6126
6127
6128
6128
6128
6129
6131
6132
6133
6135
6136
6138
6139
6139
6143
6144
6144
6146
6146
6147
6147
6147
6148
6149
6149
6151
6152
6152
6152
6154
6156
6157
6159
6159
6160
6160
6164
6165
6166
6167
6167
6168
6169
6170
6170
6172
6173
6174
6175
6175
6176
6177
6178
6178
6178
6179
6180
6180
6180
6183
6185
6186
6186
6187
6188
6190
6190
6191
6191
6191
6192
6196
6197
6198
6198
6199
6201
6201
6202
6202
6203
6203
6204
6205
6205
6206
6206
6206
6207
6208
6209
6209
6212
6214
6215
6215
6217
6219
6222
6223
6224
6225
6225
6225
6227
6227
6229
6229
6230
6230
6232
6234
6235
6237
6237
6238
6240
6240
6242
6245
6246
6246
6247
6247
6250
6250
6250
6250
6250
6254
6255
6255
6255
6256
6257
6257
6257
6257
6257
6258
6258
6258
6258
6258
6265
6266
6266
6270
6272
6273
6274
6274
6275
6276
6277
6281
6282
6282
6282
6282
6282
6283
6283
6284
6286
6286
6286
6287
6287
6288
6289
6290
6292
6293
6293
6293
6293
6295
6295
6296
6296
6297
6298
6298
6298
6303
6303
6304
6305
6307
6307
6307
6307
6311
6312
6312
6312
6312
6313
6314
6317
6318
6319
6322
6323
6326
6329
6329
6330
6330
6330
6332
6332
6332
6334
6335
6336
6336
6339
6339
6339
6340
6341
6342
6343
6346
6348
6349
6350
6350
6355
6360
6360
6360
6360
6361
6362
6364
6365
6366
6367
6367
6367
6368
6369
6370
6370
6371
6371
6372
6373
6373
6375
6377
6380
6381
6382
6383
6387
6387
6387
6388
6389
6391
6393
6393
6394
6395
6396
6397
6398
6398
6399
6399
6399
6401
6404
6404
6407
6407
6408
6409
6409
6410
6411
6415
6415
6417
6418
6419
6419
6420
6422
6423
6424
6424
6424
6425
6425
6427
6427
6429
6429
6429
6430
6432
6433
6434
6434
6434
6435
6437
6440
6443
6447
6447
6448
6449
6452
6453
6453
6454
6454
6455
6456
6457
6458
6458
6459
6461
6461
6461
6463
6464
6464
6467
6467
6468
6469
6470
6472
6472
6478
6479
6479
6480
6480
6483
6483
6483
6484
6486
6487
6487
6489
6490
6491
6492
6494
6494
6495
6495
6496
6496
6496
6499
6499
6500
6500
6502
6503
6504
6505
6510
6510
6511
6512
6512
6512
6512
6513
6513
6514
6515
6516
6517
6517
6518
6520
6521
6524
6524
6524
6525
6527
6528
6528
6529
6529
6532
6533
6533
6533
6534
6534
6534
6534
6536
6536
6536
6537
6538
6538
6540
6541
6542
6543
6543
6546
6547
6547
6548
6548
6549
6550
6550
6550
6551
6551
6551
6551
6551
6552
6552
6558
6558
6558
6563
6564
6564
6564
6565
6565
6568
6568
6569
6570
6570
6572
6572
6573
6575
6576
6578
6579
6580
6581
6582
6582
6583
6584
6585
6586
6586
6586
6587
6587
6588
6588
6592
6593
6594
6595
6595
6597
6598
6600
6600
6603
6604
6605
6605
6606
6607
6608
6610
6610
6610
6610
6611
6611
6611
6613
6614
6615
6617
6618
6621
6621
6622
6624
6624
6627
6628
6628
6631
6631
6631
6634
6634
6636
6637
6638
6640
6641
6641
6641
6641
6643
6646
6646
6646
6647
6648
6648
6650
6651
6652
6654
6656
6656
6657
6659
6661
6661
6663
6663
6664
6664
6664
6666
6669
6670
6670
6670
6671
6671
6671
6672
6674
6674
6674
6675
6676
6677
6679
6681
6681
6682
6683
6683
6683
6684
6684
6684
6685
6686
6687
6688
6688
6689
6690
6691
6691
6692
6692
6693
6693
6693
6694
6694
6695
6695
6695
6695
6696
6696
6698
6698
6699
6699
6699
6700
6700
6700
6703
6703
6704
6704
6705
6706
6706
6707
6708
6708
6708
6709
6710
6711
6712
6714
6714
6715
6715
6715
6717
6719
6720
6721
6723
6724
6725
6725
6729
6729
6729
6730
6732
6735
6735
6736
6736
6737
6738
6739
6740
6741
6741
6742
6742
6744
6745
6745
6746
6748
6749
6749
6750
6750
6751
6752
6753
6754
6755
6755
6756
6756
6758
6758
6759
6759
6759
6759
6761
6762
6762
6765
6766
6766
6768
6769
6770
6770
6771
6771
6771
6772
6773
6773
6773
6773
6774
6774
6774
6775
6777
6779
6779
6779
6781
6782
6783
6785
6785
6786
6786
6788
6790
6791
6793
6793
6793
6794
6794
6795
6796
6799
6800
6804
6804
6805
6807
6808
6808
6809
6810
6811
6811
6813
6813
6814
6815
6816
6818
6818
6818
6818
6819
6820
6820
6820
6821
6821
6821
6822
6824
6824
6827
6828
6828
6828
6830
6830
6830
6831
6836
6837
6837
6837
6838
6838
6840
6842
6842
6842
6842
6844
6845
6845
6846
6848
6849
6849
6852
6853
6853
6854
6854
6857
6857
6857
6858
6858
6860
6864
6867
6867
6868
6870
6871
6871
6872
6872
6875
6875
6876
6883
6883
6885
6886
6886
6886
6887
6889
6890
6891
6892
6892
6897
6897
6898
6899
6899
6900
6901
6902
6902
6902
6902
6903
6904
6905
6906
6906
6908
6909
6909
6910
6910
6910
6911
6913
6913
6915
6915
6916
6917
6917
6918
6918
6919
6919
6920
6920
6922
6922
6924
6926
6927
6930
6931
6932
6933
6934
6936
6939
6939
6939
6940
6944
6944
6945
6945
6947
6948
6948
6949
6949
6949
6950
6950
6950
6953
6953
6954
6955
6956
6956
6956
6956
6958
6959
6961
6961
6961
6963
6963
6963
6963
6965
6968
6969
6971
6971
6972
6974
6974
6975
6976
6980
6980
6981
6982
6984
6984
6984
6985
6987
6987
6987
6987
6987
6988
6989
6990
6990
6991
6991
6995
6998
6999
7000
7000
7001
7001
7004
7004
7005
7007
7009
7010
7010
7011
7012
7015
7016
7017
7018
7020
7020
7020
7021
7023
7023
7023
7023
7024
7025
7026
7027
7028
7031
7032
7032
7032
7033
7034
7037
7039
7040
7040
7041
7041
7042
7044
7045
7046
7047
7051
7053
7055
7056
7057
7058
7058
7060
7060
7061
7062
7063
7063
7066
7069
7070
7072
7072
7074
7074
7075
7076
7077
7078
7079
7080
7080
7081
7083
7083
7084
7084
7085
7085
7087
7088
7089
7090
7090
7091
7092
7092
7094
7095
7098
7099
7100
7100
7101
7101
7103
7104
7104
7108
7108
7109
7109
7110
7111
7111
7112
7114
7114
7115
7115
7118
7118
7118
7119
7119
7120
7124
7125
7125
7126
7127
7127
7128
7137
7140
7142
7142
7143
7144
7145
7145
7145
7145
7146
7147
7147
7148
7149
7149
7150
7151
7153
7153
7154
7154
7155
7156
7157
7161
7162
7164
7164
7167
7168
7168
7168
7169
7169
7171
7172
7172
7173
7173
7174
7175
7175
7176
7176
7177
7177
7177
7179
7179
7180
7180
7182
7184
7188
7190
7192
7195
7196
7196
7197
7199
7200
7202
7204
7204
7205
7209
7209
7210
7211
7211
7211
7211
7215
7215
7217
7218
7218
7219
7220
7222
7223
7223
7224
7224
7225
7226
7226
7228
7229
7232
7232
7233
7234
7235
7237
7238
7239
7240
7240
7241
7244
7245
7247
7247
7248
7251
7251
7251
7252
7252
7254
7254
7255
7255
7256
7256
7256
7257
7257
7258
7258
7259
7261
7261
7263
7263
7264
7265
7266
7268
7268
7269
7269
7270
7272
7272
7272
7277
7280
7283
7283
7285
7287
7287
7288
7288
7289
7290
7290
7290
7290
7291
7291
7291
7291
7292
7293
7296
7297
7297
7299
7300
7301
7302
7302
7302
7302
7302
7302
7303
7303
7305
7305
7306
7308
7310
7310
7314
7314
7314
7315
7315
7317
7317
7318
7318
7321
7322
7322
7323
7324
7324
7325
7326
7327
7328
7329
7331
7334
7334
7335
7335
7339
7340
7341
7341
7345
7346
7346
7348
7349
7351
7351
7352
7352
7352
7352
7354
7357
7357
7357
7358
7358
7358
7359
7359
7361
7362
7364
7364
7365
7367
7367
7368
7368
7369
7370
7370
7371
7371
7372
7372
7372
7374
7375
7375
7375
7376
7377
7378
7379
7382
7382
7384
7384
7384
7384
7385
7386
7388
7388
7391
7391
7394
7394
7395
7399
7399
7400
7402
7402
7404
7404
7404
7404
7405
7405
7409
7412
7414
7414
7415
7415
7416
7416
7417
7417
7417
7417
7418
7418
7419
7419
7423
7425
7425
7425
7426
7427
7429
7430
7431
7432
7432
7437
7438
7442
7442
7442
7444
7446
7450
7451
7452
7453
7453
7454
7455
7455
7456
7456
7462
7463
7466
7466
7467
7469
7469
7469
7469
7471
7473
7474
7474
7475
7475
7476
7476
7476
7479
7479
7479
7480
7480
7480
7481
7484
7485
7486
7487
7488
7488
7489
7492
7492
7493
7494
7495
7496
7496
7497
7497
7497
7498
7498
7499
7500
7501
7502
7506
7507
7509
7509
7509
7510
7513
7513
7513
7515
7517
7518
7519
7519
7521
7522
7522
7522
7523
7524
7525
7525
7526
7527
7528
7530
7531
7532
7533
7534
7535
7536
7536
7537
7537
7538
7540
7540
7540
7541
7542
7542
7543
7543
7546
7548
7548
7548
7548
7549
7550
7552
7552
7552
7553
7553
7556
7556
7557
7558
7558
7559
7560
7561
7561
7561
7562
7563
7564
7565
7566
7567
7568
7568
7569
7572
7573
7574
7577
7579
7581
7581
7583
7584
7584
7585
7586
7586
7587
7588
7589
7590
7591
7591
7592
7592
7593
7595
7595
7599
7599
7600
7600
7601
7601
7601
7602
7602
7603
7604
7604
7608
7609
7611
7611
7612
7614
7615
7616
7617
7617
7617
7618
7618
7618
7620
7621
7621
7622
7622
7625
7625
7626
7626
7628
7629
7629
7630
7631
7634
7634
7636
7638
7639
7640
7641
7642
7642
7643
7646
7646
7647
7649
7649
7649
7650
7650
7651
7652
7654
7657
7658
7660
7661
7661
7662
7663
7664
7664
7668
7669
7669
7671
7671
7673
7675
7677
7677
7678
7678
7681
7682
7682
7683
7684
7684
7684
7685
7685
7687
7687
7688
7689
7693
7695
7696
7697
7698
7700
7700
7704
7706
7706
7706
7707
7707
7709
7712
7713
7715
7717
7718
7718
7720
7721
7722
7722
7723
7723
7724
7726
7726
7726
7727
7727
7728
7728
7728
7728
7731
7732
7732
7735
7737
7737
7739
7744
7745
7745
7746
7746
7748
7750
7750
7752
7755
7755
7756
7757
7759
7759
7759
7760
7761
7761
7764
7764
7764
7765
7765
7767
7769
7769
7773
7774
7774
7774
7775
7776
7776
7776
7777
7779
7779
7779
7781
7781
7783
7784
7785
7785
7786
7787
7787
7787
7788
7789
7789
7790
7790
7792
7794
7795
7796
7797
7797
7798
7798
7801
7802
7803
7804
7805
7807
7809
7809
7809
7809
7809
7810
7810
7811
7815
7815
7817
7817
7819
7820
7820
7820
7821
7821
7822
7823
7824
7827
7827
7827
7831
7833
7834
7834
7837
7837
7837
7838
7839
7840
7842
7843
7843
7843
7844
7844
7845
7845
7848
7848
7848
7849
7849
7850
7851
7851
7851
7851
7853
7853
7860
7860
7860
7861
7861
7864
7864
7865
7866
7870
7870
7870
7871
7871
7873
7875
7878
7880
7881
7883
7884
7886
7886
7886
7887
7888
7888
7888
7889
7890
7890
7896
7896
7896
7897
7897
7898
7898
7900
7900
7900
7900
7900
7901
7902
7902
7904
7904
7905
7906
7907
7907
7908
7908
7910
7910
7913
7913
7913
7915
7916
7916
7918
7919
7919
7920
7925
7928
7928
7928
7929
7929
7929
7930
7932
7933
7934
7934
7934
7935
7936
7937
7938
7938
7938
7939
7939
7939
7939
7941
7946
7950
7950
7951
7953
7953
7954
7954
7955
7955
7955
7957
7958
7958
7958
7959
7959
7959
7962
7962
7965
7965
7966
7966
7967
7967
7968
7969
7970
7971
7972
7973
7974
7974
7974
7976
7976
7978
7978
7981
7982
7983
7984
7984
7984
7985
7987
7987
7988
7990
7990
7992
7993
7995
7995
7998
8003
8003
8003
8005
8005
8006
8007
8007
8015
8015
8015
8015
8019
8019
8020
8021
8023
8023
8025
8025
8026
8028
8029
8035
8035
8036
8038
8039
8040
8042
8043
8043
8045
8047
8048
8049
8050
8052
8053
8054
8055
8056
8059
8062
8067
8069
8070
8070
8072
8074
8075
8075
8075
8075
8076
8076
8076
8078
8078
8078
8079
8079
8080
8081
8083
8086
8086
8087
8087
8089
8090
8092
8092
8093
8093
8093
8093
8095
8098
8099
8100
8100
8105
8105
8105
8105
8106
8107
8109
8110
8111
8112
8112
8113
8114
8114
8116
8116
8116
8118
8120
8122
8122
8122
8123
8125
8126
8126
8126
8127
8127
8127
8128
8128
8130
8130
8133
8133
8136
8137
8137
8140
8140
8144
8144
8145
8146
8147
8147
8148
8151
8151
8153
8154
8154
8156
8157
8157
8159
8159
8159
8159
8160
8160
8163
8164
8164
8164
8165
8167
8168
8168
8170
8170
8173
8174
8174
8174
8176
8177
8178
8180
8183
8183
8185
8188
8188
8188
8189
8189
8192
8192
8193
8193
8194
8194
8196
8196
8198
8200
8202
8202
8202
8202
8203
8205
8205
8207
8207
8207
8208
8209
8210
8213
8213
8215
8216
8217
8218
8220
8221
8221
8223
8224
8227
8229
8230
8233
8233
8233
8233
8235
8238
8239
8239
8240
8240
8241
8243
8243
8245
8246
8247
8248
8248
8248
8250
8250
8253
8255
8256
8256
8257
8257
8258
8258
8258
8259
8259
8259
8260
8261
8261
8262
8265
8266
8267
8267
8268
8268
8269
8269
8271
8271
8272
8273
8273
8274
8274
8279
8279
8280
8282
8282
8284
8284
8285
8287
8288
8288
8289
8290
8291
8291
8293
8293
8296
8297
8297
8298
8299
8300
8300
8300
8300
8301
8301
8303
8304
8307
8308
8309
8311
8313
8313
8316
8316
8316
8316
8317
8318
8318
8318
8319
8322
8323
8323
8327
8329
8331
8331
8332
8333
8333
8334
8334
8336
8337
8338
8345
8346
8346
8346
8347
8349
8350
8351
8352
8353
8353
8354
8357
8357
8358
8358
8359
8361
8362
8363
8364
8364
8364
8366
8370
8372
8372
8373
8373
8373
8374
8375
8376
8376
8376
8377
8378
8378
8378
8380
8381
8382
8382
8383
8385
8387
8387
8388
8390
8392
8393
8394
8394
8395
8397
8398
8399
8401
8401
8402
8402
8403
8403
8403
8404
8405
8405
8405
8405
8406
8407
8411
8413
8414
8416
8417
8420
8421
8422
8422
8423
8424
8426
8428
8428
8429
8430
8430
8431
8431
8432
8432
8434
8434
8435
8435
8436
8438
8441
8441
8442
8442
8442
8444
8445
8447
8448
8449
8449
8450
8452
8456
8456
8457
8460
8461
8461
8462
8465
8465
8466
8466
8466
8468
8468
8469
8471
8472
8476
8476
8477
8478
8478
8479
8480
8481
8481
8482
8482
8483
8484
8485
8485
8486
8487
8487
8489
8489
8490
8494
8496
8496
8497
8497
8498
8499
8499
8500
8500
8501
8507
8508
8509
8509
8511
8512
8515
8515
8516
8517
8519
8519
8521
8523
8523
8524
8525
8525
8526
8526
8527
8527
8528
8528
8528
8529
8532
8532
8533
8533
8534
8534
8535
8536
8537
8538
8541
8542
8543
8543
8544
8545
8545
8546
8547
8549
8552
8553
8556
8557
8558
8558
8558
8558
8558
8559
8561
8562
8563
8565
8565
8566
8567
8568
8570
8571
8571
8572
8572
8572
8577
8578
8579
8581
8581
8582
8582
8584
8585
8585
8587
8587
8587
8588
8588
8589
8591
8591
8591
8592
8594
8596
8597
8597
8598
8598
8598
8599
8600
8601
8603
8603
8604
8604
8604
8605
8609
8609
8611
8611
8611
8613
8613
8615
8618
8618
8619
8619
8620
8622
8623
8624
8624
8628
8628
8628
8628
8628
8630
8631
8631
8632
8633
8633
8634
8635
8635
8635
8635
8637
8639
8641
8641
8642
8643
8643
8645
8646
8648
8649
8649
8649
8650
8652
8652
8652
8655
8655
8655
8656
8656
8657
8657
8658
8663
8666
8666
8666
8666
8667
8667
8670
8672
8672
8674
8675
8675
8675
8676
8677
8679
8679
8679
8680
8681
8683
8685
8685
8685
8686
8686
8686
8687
8687
8689
8690
8691
8691
8692
8693
8693
8694
8695
8696
8702
8702
8702
8702
8703
8703
8705
8706
8707
8707
8708
8708
8709
8710
8710
8711
8712
8712
8713
8713
8714
8715
8715
8716
8716
8717
8720
8720
8722
8722
8724
8724
8725
8726
8729
8731
8732
8733
8733
8733
8735
8736
8737
8739
8740
8741
8742
8745
8745
8745
8748
8749
8750
8752
8754
8755
8756
8756
8758
8758
8758
8758
8758
8759
8760
8760
8760
8762
8762
8764
8764
8766
8768
8768
8768
8769
8769
8773
8777
8778
8781
8781
8781
8782
8782
8783
8787
8787
8788
8790
8790
8790
8792
8793
8796
8796
8797
8797
8799
8799
8800
8802
8802
8803
8805
8807
8808
8808
8809
8810
8811
8812
8812
8816
8816
8817
8818
8820
8821
8822
8823
8823
8823
8826
8826
8826
8830
8830
8830
8832
8834
8834
8835
8836
8836
8838
8839
8839
8840
8841
8842
8842
8842
8843
8845
8846
8847
8848
8849
8850
8851
8851
8851
8851
8851
8856
8856
8857
8857
8858
8858
8858
8861
8864
8865
8866
8866
8867
8868
8870
8870
8871
8871
8872
8872
8874
8874
8875
8875
8877
8878
8878
8880
8880
8881
8881
8881
8881
8882
8884
8884
8885
8886
8887
8887
8889
8889
8891
8894
8896
8896
8896
8899
8899
8899
8900
8901
8901
8903
8903
8903
8904
8906
8907
8908
8908
8908
8909
8911
8912
8914
8914
8915
8916
8916
8917
8918
8918
8919
8920
8920
8921
8922
8922
8926
8927
8927
8927
8928
8929
8929
8930
8932
8932
8935
8936
8937
8938
8939
8941
8945
8945
8946
8947
8947
8947
8948
8949
8949
8950
8950
8951
8952
8952
8952
8954
8955
8957
8957
8958
8958
8959
8964
8964
8967
8967
8968
8970
8971
8971
8971
8975
8975
8976
8976
8978
8978
8980
8980
8982
8983
8983
8983
8984
8985
8985
8988
8989
8992
8992
8994
8997
8997
8997
8997
8997
8998
8999
9000
9000
9000
9001
9001
9003
9003
9004
9005
9006
9006
9009
9009
9011
9012
9012
9013
9014
9014
9017
9020
9021
9022
9022
9025
9025
9027
9028
9028
9029
9031
9033
9034
9034
9035
9035
9036
9037
9040
9040
9041
9041
9042
9043
9044
9046
9047
9047
9049
9049
9050
9051
9051
9052
9054
9054
9056
9057
9057
9058
9058
9058
9060
9060
9061
9062
9063
9063
9063
9063
9063
9065
9067
9069
9071
9072
9072
9073
9075
9076
9077
9077
9078
9080
9081
9081
9082
9085
9085
9085
9086
9087
9089
9090
9092
9092
9092
9092
9092
9093
9093
9093
9094
9095
9095
9097
9097
9098
9098
9099
9100
9102
9102
9102
9103
9103
9104
9104
9106
9106
9107
9109
9110
9111
9112
9113
9114
9115
9115
9115
9116
9119
9119
9120
9120
9120
9120
9121
9122
9123
9123
9126
9127
9128
9130
9131
9132
9132
9133
9135
9135
9135
9135
9136
9136
9136
9138
9139
9139
9139
9139
9141
9142
9143
9143
9144
9144
9145
9145
9145
9147
9148
9149
9150
9151
9152
9153
9153
9154
9154
9154
9154
9155
9155
9158
9160
9160
9161
9161
9162
9163
9165
9167
9167
9167
9167
9170
9174
9176
9176
9177
9177
9179
9180
9183
9184
9185
9186
9191
9191
9191
9193
9194
9195
9195
9195
9196
9196
9196
9197
9199
9199
9201
9201
9202
9203
9206
9206
9207
9210
9210
9213
9213
9214
9215
9217
9219
9219
9221
9223
9223
9224
9227
9229
9229
9233
9234
9234
9234
9235
9238
9238
9238
9239
9239
9240
9240
9240
9241
9243
9243
9243
9244
9246
9246
9247
9248
9248
9253
9253
9254
9255
9256
9257
9257
9257
9259
9262
9263
9263
9264
9264
9266
9268
9268
9268
9268
9270
9270
9273
9273
9274
9274
9274
9275
9275
9275
9278
9278
9279
9279
9280
9283
9283
9284
9285
9286
9288
9289
9292
9292
9292
9293
9293
9293
9294
9295
9295
9297
9299
9300
9301
9302
9303
9305
9305
9306
9306
9306
9306
9307
9308
9312
9313
9314
9315
9315
9316
9317
9318
9320
9321
9322
9322
9322
9322
9323
9323
9324
9325
9325
9326
9327
9330
9331
9332
9332
9332
9333
9333
9334
9335
9337
9338
9340
9340
9340
9345
9345
9346
9346
9348
9348
9349
9349
9352
9352
9352
9353
9354
9355
9355
9359
9362
9363
9363
9365
9365
9365
9365
9368
9369
9369
9371
9371
9373
9374
9375
9378
9380
9381
9382
9384
9385
9385
9387
9387
9388
9388
9388
9389
9391
9391
9391
9391
9392
9394
9394
9395
9395
9395
9395
9396
9398
9398
9398
9398
9398
9399
9401
9401
9401
9402
9403
9406
9406
9406
9407
9407
9408
9410
9411
9411
9412
9414
9417
9417
9418
9418
9419
9419
9423
9423
9423
9424
9424
9426
9427
9427
9430
9431
9431
9433
9435
9435
9436
9436
9438
9439
9439
9440
9440
9440
9441
9442
9442
9442
9445
9445
9447
9447
9448
9448
9448
9449
9450
9451
9452
9454
9455
9455
9456
9456
9459
9461
9462
9463
9464
9464
9466
9466
9467
9469
9470
9472
9472
9474
9476
9477
9478
9479
9479
9480
9481
9483
9485
9488
9489
9489
9491
9491
9491
9491
9493
9493
9494
9494
9494
9494
9495
9495
9499
9499
9502
9502
9502
9503
9504
9506
9506
9507
9507
9508
9508
9509
9509
9510
9514
9515
9516
9517
9520
9521
9522
9522
9522
9523
9524
9525
9527
9528
9529
9531
9533
9533
9533
9536
9538
9539
9539
9539
9540
9542
9544
9544
9545
9547
9547
9549
9551
9551
9553
9554
9554
9555
9557
9557
9559
9559
9560
9560
9562
9563
9565
9566
9566
9566
9568
9569
9569
9570
9570
9571
9573
9573
9574
9575
9576
9576
9580
9581
9583
9584
9586
9586
9588
9588
9588
9589
9589
9589
9590
9592
9594
9595
9595
9597
9601
9601
9604
9605
9605
9605
9606
9607
9607
9610
9614
9615
9616
9618
9619
9619
9621
9625
9625
9626
9627
9627
9628
9628
9628
9628
9628
9628
9629
9629
9631
9634
9634
9635
9635
9637
9637
9639
9639
9641
9641
9642
9642
9645
9646
9647
9647
9647
9647
9649
9649
9652
9653
9654
9657
9657
9659
9659
9660
9660
9662
9663
9663
9665
9666
9667
9668
9670
9670
9671
9674
9674
9674
9675
9677
9677
9679
9679
9680
9680
9683
9683
9684
9684
9685
9687
9687
9688
9689
9689
9689
9690
9691
9692
9693
9695
9696
9696
9697
9698
9698
9698
9699
9699
9701
9703
9704
9704
9706
9706
9708
9709
9709
9709
9710
9710
9712
9712
9712
9713
9713
9714
9716
9716
9717
9719
9721
9724
9725
9726
9727
9731
9731
9733
9733
9736
9737
9740
9740
9741
9742
9743
9745
9746
9748
9748
9749
9750
9753
9753
9754
9755
9756
9756
9756
9757
9757
9758
9758
9758
9758
9759
9760
9760
9761
9763
9765
9766
9767
9768
9768
9769
9769
9770
9772
9772
9774
9777
9778
9780
9781
9781
9785
9786
9788
9788
9790
9793
9794
9794
9796
9798
9801
9802
9803
9803
9804
9804
9806
9806
9808
9808
9808
9808
9809
9809
9809
9810
9810
9810
9810
9811
9812
9813
9814
9814
9818
9818
9819
9821
9822
9823
9824
9824
9825
9825
9825
9826
9827
9827
9829
9829
9829
9832
9834
9835
9836
9837
9837
9838
9841
9846
9846
9846
9848
9849
9849
9850
9850
9850
9850
9851
9851
9851
9851
9852
9852
9852
9852
9853
9853
9854
9855
9858
9858
9858
9858
9858
9860
9861
9861
9862
9863
9863
9864
9864
9866
9869
9869
9870
9870
9872
9873
9873
9873
9874
9876
9876
9876
9877
9877
9877
9877
9878
9878
9880
9883
9886
9888
9888
9889
9889
9889
9890
9892
9892
9895
9896
9898
9900
9901
9901
9903
9904
9905
9907
9908
9909
9910
9912
9912
9913
9914
9914
9917
9917
9919
9919
9920
9920
9921
9921
9921
9922
9922
9923
9926
9927
9927
9929
9930
9930
9933
9933
9934
9934
9935
9936
9936
9937
9939
9940
9944
9945
9945
9946
9947
9948
9948
9949
9950
9950
9952
9953
9953
9954
9956
9956
9956
9956
9957
9958
9959
9960
9960
9961
9961
9965
9966
9966
9967
9968
9968
9968
9969
9969
9971
9971
9973
9973
9974
9974
9974
9975
9977
9977
9978
9979
9979
9980
9980
9981
9984
9984
9985
9986
9988
9989
9993
9993
9994
9995
9996
9998
9998
